,x_position,y_position,z_position,energy_dep
0,-22.179044723510742,-72.50997924804688,-954.6157836914062,1.419000000169035e-05
1,-21.568069458007812,-69.94124603271484,-960.2161865234375,3.4010001400019974e-05
2,-34.023109436035156,-70.09151458740234,-952.938720703125,5.450000116979936e-06
3,-34.971534729003906,-73.21878051757812,-955.6134033203125,0.00013440000475384295
4,43.46539306640625,1.6905485391616821,2497.903564453125,0.00013966999540571123
5,43.23670196533203,1.625500202178955,2497.90625,0.00030682000215165317
6,-49.26719284057617,26.416698455810547,2933.541015625,0.000304340006550774
7,-52.72566604614258,25.92510223388672,2929.742431640625,2.330999996047467e-05
8,-27.49712562561035,-14.47384262084961,2263.335205078125,2.4700000722077675e-05
9,-28.0089111328125,-14.62772274017334,2264.047607421875,0.00024615999427624047
10,-27.86016273498535,-14.669890403747559,2264.088134765625,0.00026808000984601676
12,65.41153717041016,-48.30179214477539,3353.306396484375,4.4860000343760476e-05
15,-3.310234308242798,-30.36310577392578,-964.7816162109375,3.4010001400019974e-05
16,4.771850109100342,-28.68170166015625,-953.2523193359375,4.338000144343823e-05
18,0.8595130443572998,-43.202980041503906,3341.076416015625,1.2909999895782676e-05
19,0.7103834748268127,-44.72024917602539,3341.500244140625,7.67800011090003e-05
21,-32.00722885131836,13.039795875549316,-944.5853271484375,0.00013481000496540219
22,-39.70357131958008,28.020565032958984,2093.209228515625,1.0959999599435832e-05
23,-45.76081085205078,32.42568588256836,2100.236572265625,0.00016527000116184354
24,-45.756866455078125,32.42580795288086,2100.236328125,8.089000039035454e-05
25,-45.00325393676758,32.762451171875,2100.37744140625,0.0003133100108243525
28,-16.81440544128418,-64.69165802001953,-940.2989501953125,2.922999919974245e-05
29,-16.756181716918945,-64.72338104248047,-940.1138305664062,0.00013522000517696142
32,-58.91139221191406,-44.2941780090332,6083.5166015625,4.1369999962626025e-05
34,-44.90690612792969,-39.35637283325195,6102.9091796875,1.419000000169035e-05
35,-51.71870803833008,-45.80609130859375,6112.8818359375,2.8340000426396728e-05
36,-50.279666900634766,-42.288692474365234,6110.72314453125,0.00018837999959941953
37,5.958466529846191,40.46110534667969,2187.96484375,0.0002217599976575002
38,6.021446228027344,40.18098068237305,2187.2548828125,4.383999839774333e-05
39,3.4318511486053467,44.15099334716797,2185.331787109375,0.00020959999528713524
40,3.2033677101135254,44.30843734741211,2185.1044921875,9.215000318363309e-05
41,-38.01606369018555,7.056241035461426,2216.030029296875,1.0959999599435832e-05
42,-41.66945266723633,-20.40013885498047,2206.8642578125,4.7220000851666555e-05
43,-43.665374755859375,-19.391979217529297,2206.853515625,0.00013966999540571123
44,-43.3209228515625,-19.232730865478516,2207.250244140625,0.00023489999875891954
45,-46.81413650512695,-69.6720962524414,-948.8924560546875,0.00013481000496540219
46,-26.492158889770508,36.334632873535156,2961.511474609375,0.00016407000657636672
48,15.343147277832031,8.890824317932129,6074.5771484375,1.419000000169035e-05
49,23.401107788085938,-1.440548062324524,6065.57080078125,1.419000000169035e-05
50,20.648801803588867,8.371559143066406,6063.81396484375,6.761000258848071e-05
51,33.922279357910156,16.92853546142578,6066.05126953125,6.761000258848071e-05
52,33.9262580871582,16.93535804748535,6066.06591796875,0.00012076999701093882
53,20.643070220947266,8.35960578918457,6063.81494140625,2.8340000426396728e-05
55,8.884771347045898,9.092498779296875,3118.686767578125,3.8580001273658127e-05
58,22.62418556213379,-2.627406358718872,3353.045654296875,5.249999958323315e-06
59,26.89370346069336,-1.4334909915924072,3349.70703125,4.450000051292591e-05
61,30.260059356689453,43.558658599853516,1478.8206787109375,0.00021128999651409686
62,30.298471450805664,43.483245849609375,1478.8206787109375,0.00015310999879147857
63,-31.754154205322266,36.97217559814453,2256.94580078125,1.0959999599435832e-05
64,-33.22832489013672,35.97441482543945,2259.422607421875,0.00010142000246560201
65,-45.47295379638672,27.583419799804688,2274.1279296875,9.383999713463709e-05
66,-45.62104034423828,27.66478157043457,2274.029296875,0.00030404000426642597
68,37.51905822753906,-65.35296630859375,-340.32830810546875,5.112999861012213e-05
69,-40.54772186279297,-38.4854621887207,2394.18310546875,4.7220000851666555e-05
70,-41.3336181640625,-40.169822692871094,2394.1875,2.1919999198871665e-05
71,-46.42749786376953,-70.1489486694336,2360.922119140625,2.1919999198871665e-05
72,-45.018394470214844,-75.0296859741211,2362.13037109375,1.2350000361038838e-05
73,-43.20439910888672,-76.23784637451172,2357.851318359375,0.0001643699943087995
74,-43.189144134521484,-76.48582458496094,2358.046142578125,0.00010310999641660601
75,-43.1857795715332,-76.49609375,2358.0400390625,0.0001253299997188151
78,34.59095001220703,-27.514989852905273,6084.68994140625,2.922999919974245e-05
81,-17.744081497192383,-12.053701400756836,2979.64599609375,0.0005276799784041941
82,-51.141998291015625,20.56694793701172,2504.3662109375,4.523000097833574e-05
83,-49.77796173095703,21.445480346679688,2504.7099609375,0.00015959999291226268
84,-49.66380310058594,21.415742874145508,2504.59033203125,0.00012919999426230788
86,-42.98074722290039,29.15811538696289,2397.35205078125,0.00011636000272119418
87,-43.58509063720703,29.280651092529297,2394.90234375,0.00016357999993488193
88,-43.51559829711914,29.355403900146484,2394.87451171875,0.00020820999634452164
90,30.865991592407227,-17.260055541992188,-340.0098876953125,7.711999933235347e-05
92,15.88110065460205,-65.5843276977539,-973.5831298828125,2.922999919974245e-05
93,18.911474227905273,-60.20761489868164,-975.1368408203125,0.00010120999650098383
94,20.604867935180664,-20.510217666625977,2369.4208984375,0.0001297999988310039
95,58.41207504272461,-27.2730655670166,2379.537841796875,6.913999823154882e-05
96,15.939251899719238,33.44905090332031,2151.4873046875,0.00011575999815249816
97,1.461250901222229,32.24574279785156,2147.04052734375,0.00039758000639267266
98,-22.337364196777344,-7.127008438110352,2201.63720703125,0.00017702000332064927
99,-12.736559867858887,-12.22255802154541,2207.846923828125,6.913999823154882e-05
100,-11.420663833618164,-13.186980247497559,2204.557861328125,0.00011575999815249816
101,-11.423535346984863,-13.190254211425781,2204.560302734375,0.00023320999753195792
103,-18.13619613647461,-6.491678237915039,3353.33740234375,2.9319999157451093e-05
104,-18.13559913635254,-6.4915971755981445,3353.33544921875,5.1300001359777525e-05
105,-18.136011123657227,-6.490133285522461,3353.3408203125,3.8490001315949485e-05
106,6.9225263595581055,44.508907318115234,2815.987548828125,0.00013907000538893044
107,13.142207145690918,-35.94291687011719,1745.224365234375,0.00016357999993488193
108,9.645674705505371,-69.50357818603516,1733.284912109375,4.7220000851666555e-05
109,1.2899093627929688,-82.78752136230469,1728.3857421875,1.2350000361038838e-05
110,1.2831083536148071,-87.21721649169922,1729.159912109375,6.913999823154882e-05
111,10.112610816955566,-96.1789779663086,1732.5777587890625,1.0959999599435832e-05
112,10.49194622039795,-96.64501190185547,1724.15087890625,0.0001387999946018681
113,10.388384819030762,-96.77967834472656,1724.383544921875,0.00013797999417874962
114,60.76277160644531,-6.887057304382324,2469.635009765625,0.0001612899941392243
115,16.689050674438477,38.72776412963867,2320.44287109375,1.0959999599435832e-05
116,16.608755111694336,38.49501419067383,2320.44091796875,1.0959999599435832e-05
117,23.163562774658203,36.194602966308594,2294.1884765625,0.00018290999287273735
118,23.250408172607422,36.24159240722656,2294.375732421875,0.0002838099899236113
120,44.22597122192383,-13.291818618774414,3112.26171875,5.760000021837186e-06
121,44.263668060302734,-13.285198211669922,3112.288330078125,2.863000008801464e-05
122,43.689849853515625,-13.5114164352417,3112.904541015625,6.42099985270761e-05
124,51.897003173828125,-31.167905807495117,6068.896484375,4.338000144343823e-05
127,-42.48909378051758,20.138036727905273,-324.9996337890625,7.711999933235347e-05
128,-8.77872371673584,42.83606719970703,2271.391845703125,2.1919999198871665e-05
130,-14.122515678405762,48.65376663208008,2281.821533203125,5.788999987998977e-05
132,9.28468132019043,22.00954818725586,3111.034423828125,0.00010101000225404277
133,11.154464721679688,22.9133243560791,3111.25537109375,2.0999999605919584e-07
134,10.334341049194336,22.882946014404297,3111.26513671875,3.8559999666176736e-05
135,10.334527969360352,22.88508415222168,3111.26904296875,5.1300001359777525e-05
137,2.078864812850952,-52.306373596191406,-1010.7426147460938,3.4010001400019974e-05
138,0.10470223426818848,-50.363582611083984,-1020.6626586914062,3.4010001400019974e-05
139,-15.084025382995605,-72.56240844726562,-974.001708984375,1.419000000169035e-05
140,-14.112399101257324,-73.85177612304688,-972.3064575195312,2.922999919974245e-05
141,-37.57804870605469,-72.5382080078125,-982.3128051757812,6.104000203777105e-05
143,-0.2883853316307068,4.955482482910156,3113.19189453125,3.822000144282356e-05
144,-0.29548925161361694,4.952253341674805,3113.193115234375,4.495000030146912e-05
146,-41.23876953125,-87.01024627685547,6083.3447265625,5.84599983994849e-05
147,-41.50969314575195,-81.34330749511719,6083.18701171875,0.00018837999959941953
149,6.320794582366943,-50.31031799316406,3353.072509765625,5.759999839938246e-05
151,37.22783660888672,-76.19168853759766,3114.05517578125,3.8559999666176736e-05
152,37.21717071533203,-76.21045684814453,3114.064697265625,7.647999882465228e-05
153,-5.847882270812988,39.46293258666992,2424.714111328125,0.00019725000311154872
154,-2.1601881980895996,42.55791091918945,2424.177490234375,9.444000170333311e-05
155,-2.1609435081481934,42.55754852294922,2424.176513671875,0.00013768000644631684
156,-2.1983208656311035,42.60688018798828,2423.775634765625,0.00027195000438950956
157,-2.136295795440674,42.35384750366211,2424.274658203125,0.00010340999870095402
158,-2.032095193862915,41.96493911743164,2424.230224609375,0.00011775000166380778
159,49.84595489501953,30.44192886352539,2086.14013671875,0.00017255000420846045
161,-10.136947631835938,-10.263187408447266,6063.92333984375,1.3779999790131114e-05
163,-60.314456939697266,13.87129020690918,2221.155029296875,8.427000284427777e-05
164,-63.74526596069336,-1.6936280727386475,2229.238525390625,7.052999717416242e-05
165,-53.805389404296875,-15.220892906188965,2237.86669921875,0.00012901000445708632
166,-53.81894302368164,-15.229844093322754,2237.872314453125,0.0002700700133573264
167,-53.778350830078125,-15.20710563659668,2237.922119140625,0.00015033000090625137
169,-31.212614059448242,26.70229721069336,3136.316650390625,7.67800011090003e-05
171,15.443451881408691,-14.583562850952148,3353.689453125,0.0001031400024658069
173,-20.108407974243164,24.826679229736328,-947.8892211914062,1.419000000169035e-05
174,-26.535493850708008,26.196456909179688,-953.1926879882812,1.7559999832883477e-05
175,-22.645477294921875,25.683956146240234,-955.9720458984375,6.761000258848071e-05
176,-27.697010040283203,30.415414810180664,-959.1820068359375,1.3609999768959824e-05
177,-37.772544860839844,30.012292861938477,-969.7806396484375,1.419000000169035e-05
178,-32.47886276245117,22.93359375,-983.5684814453125,6.761000258848071e-05
179,-32.38682556152344,22.6468448638916,-983.8026123046875,0.00010120999650098383
181,8.925837516784668,-71.18463134765625,-941.967041015625,0.0001547800056869164
183,53.23489761352539,26.988073348999023,-936.9378662109375,1.7559999832883477e-05
186,2.2752723693847656,-36.829078674316406,3111.010009765625,1.4659999578725547e-05
187,1.9116863012313843,-37.293582916259766,3111.296142578125,1.2909999895782676e-05
188,1.9175310134887695,-37.32260513305664,3111.277587890625,5.1300001359777525e-05
189,1.9188284873962402,-37.322853088378906,3111.279541015625,2.5749999622348696e-05
191,-62.22008514404297,11.729066848754883,2793.937255859375,0.0003200699866283685
192,-62.178382873535156,11.697210311889648,2793.90478515625,0.0001302900054724887
194,-25.698299407958984,-57.9010124206543,6063.57373046875,4.7220000851666555e-05
195,-25.678815841674805,-57.889503479003906,6063.53564453125,2.8340000426396728e-05
197,22.5675048828125,-1.008130669593811,-340.3229675292969,3.839000055450015e-05
198,22.589933395385742,-0.9296961426734924,-340.2990417480469,4.4860000343760476e-05
199,64.05755615234375,-42.40510940551758,2385.315185546875,0.0002700700133573264
201,53.457645416259766,25.773828506469727,3337.802734375,2.5650000679888763e-05
202,53.453861236572266,25.775941848754883,3337.80615234375,4.4860000343760476e-05
204,9.504598617553711,-36.87567901611328,6139.03515625,1.3609999768959824e-05
206,11.091153144836426,-76.49169921875,6153.57275390625,1.7559999832883477e-05
207,6.804711818695068,-81.71869659423828,6156.1806640625,2.922999919974245e-05
208,6.310170650482178,-97.42019653320312,6154.779296875,0.00013440000475384295
210,-58.65806579589844,-19.348772048950195,-339.97723388671875,0.00010340000153519213
213,10.351134300231934,-41.35563278198242,-24.98611068725586,3.839000055450015e-05
214,14.31225872039795,-41.215511322021484,-18.74091339111328,3.839000055450015e-05
215,13.176984786987305,-45.214942932128906,-14.49815845489502,5.112999861012213e-05
216,13.175848960876465,-45.21360397338867,-14.496821403503418,3.211999865015969e-05
218,-30.22272491455078,33.213775634765625,2238.400634765625,1.0959999599435832e-05
219,-33.53949737548828,25.391803741455078,2235.126220703125,0.0001509300054749474
220,-32.782249450683594,21.807857513427734,2244.322265625,0.00021019999985583127
221,-33.045692443847656,21.955799102783203,2244.3076171875,0.00024278000637423247
222,-57.157588958740234,-4.441898345947266,2798.53271484375,0.0002233400009572506
223,-54.99337387084961,-13.267728805541992,2815.748046875,0.00015959999291226268
225,56.66539764404297,-16.550893783569336,3352.46875,3.839000055450015e-05
226,56.58721160888672,-16.396902084350586,3352.60986328125,0.00010242999996989965
228,46.09061050415039,-67.8415298461914,3352.289306640625,5.9160000091651455e-05
229,46.08885192871094,-67.84227752685547,3352.2939453125,4.4860000343760476e-05
231,-24.48604965209961,17.0129451751709,3132.287841796875,5.8900001022266224e-05
235,1.2733964920043945,24.95473289489746,3354.043701171875,0.00013040000339969993
237,8.658543586730957,-30.166933059692383,-340.0493469238281,6.803999713156372e-05
240,-11.993810653686523,23.50710105895996,3110.131103515625,7.529999948019395e-06
241,-12.895358085632324,25.444820404052734,3112.18701171875,1.4659999578725547e-05
242,-12.69660758972168,24.773733139038086,3112.133056640625,7.90999984019436e-05
244,-17.166465759277344,-29.74495506286621,6085.236328125,0.00013563000538852066
245,1.5173606872558594,36.34438705444336,6083.744140625,1.419000000169035e-05
246,2.3869364261627197,34.216182708740234,6084.58935546875,6.761000258848071e-05
247,2.416708469390869,34.24949645996094,6084.583984375,6.761000258848071e-05
248,-62.93335723876953,-13.67066764831543,-950.994384765625,0.00020711999968625605
249,31.938405990600586,41.56997299194336,2057.75634765625,8.258000161731616e-05
251,-32.15016174316406,-14.779350280761719,-338.7099609375,5.1300001359777525e-05
252,-60.928035736083984,-40.383750915527344,2193.6337890625,0.0001284099998883903
253,-54.857948303222656,-38.87769317626953,2192.469482421875,0.00012502999743446708
254,-54.48593521118164,-38.93623733520508,2191.98193359375,0.00019616000645328313
256,-38.82714080810547,17.112491607666016,3337.705810546875,7.66099983593449e-05
258,0.8266167044639587,12.159869194030762,6065.80712890625,5.450000116979936e-06
261,-60.49520492553711,15.509456634521484,2793.779296875,0.00011714999709511176
263,-0.334131121635437,-79.0639877319336,6063.87451171875,1.419000000169035e-05
265,11.579442024230957,42.54275894165039,2189.831787109375,5.927000165684149e-05
266,-12.92776107788086,1.2859740257263184,2143.83203125,0.0001273200032301247
267,-1.7722045183181763,5.067525386810303,2151.64599609375,9.383999713463709e-05
268,-1.319399118423462,4.494788646697998,2152.059326171875,0.0001629799953661859
269,-13.513130187988281,0.881427526473999,2143.7958984375,0.00023550000332761556
270,2.3949196338653564,-16.503263473510742,2337.96630859375,9.444000170333311e-05
271,24.973487854003906,-32.86701965332031,2359.673095703125,0.00023411000438500196
273,10.439682960510254,-25.484243392944336,2364.875732421875,0.00027794999186880887
274,10.260183334350586,-25.494173049926758,2364.76513671875,0.00032794999424368143
275,-56.97690963745117,-27.933177947998047,2317.010009765625,0.00042209000093862414
276,-23.240638732910156,25.73151969909668,2812.38623046875,0.00010509999992791563
277,-74.12195587158203,-14.71572208404541,-337.5661926269531,0.00010225999722024426
278,-18.58643341064453,33.04461669921875,2174.155517578125,0.00011439999798312783
279,-18.665576934814453,32.943729400634766,2174.174560546875,0.0002696599985938519
280,-7.41453218460083,44.08740234375,1947.3153076171875,3.596000169636682e-05
282,-6.679961204528809,45.014244079589844,1945.2930908203125,4.7220000851666555e-05
283,-12.412178993225098,24.135160446166992,2262.215087890625,4.7220000851666555e-05
285,-10.386279106140137,21.406740188598633,2265.07763671875,9.244999819202349e-05
286,-10.388394355773926,21.419574737548828,2265.076904296875,9.244999819202349e-05
287,-10.119309425354004,21.430408477783203,2265.01953125,0.00022255000658333302
289,-14.995591163635254,16.55571174621582,3354.0380859375,2.5749999622348696e-05
290,-14.994026184082031,16.554574966430664,3354.036865234375,2.5569999706931412e-05
293,-11.523719787597656,-7.633786201477051,3338.745849609375,5.1300001359777525e-05
294,-11.523454666137695,-7.633546829223633,3338.745361328125,1.9290000636829063e-05
295,-11.534564018249512,-7.626671314239502,3338.745361328125,8.848000288708135e-05
296,-24.793039321899414,4.7831525802612305,-389.6773681640625,2.2980000721872784e-05
298,-38.255828857421875,25.10564613342285,-337.9552307128906,2.547999974922277e-05
299,-38.24657440185547,25.107852935791016,-337.972412109375,4.4860000343760476e-05
300,65.27188873291016,-57.20347213745117,6124.27099609375,2.922999919974245e-05
301,51.17722702026367,-58.9305419921875,6085.4140625,1.419000000169035e-05
303,-34.71759033203125,2.761618137359619,3350.255859375,0.00012615000014193356
304,49.45452880859375,-40.886993408203125,2188.699462890625,2.330999996047467e-05
306,22.236421585083008,-13.104768753051758,3353.41796875,5.112999861012213e-05
307,22.23893165588379,-13.090607643127441,3353.41552734375,5.76899983570911e-05
309,-35.55208206176758,-26.742088317871094,-326.1907958984375,2.547999974922277e-05
310,-35.55323791503906,-26.741214752197266,-326.1903381347656,5.1300001359777525e-05
311,21.99243927001953,30.96499252319336,2082.74169921875,0.000185500000952743
312,22.184715270996094,31.84209442138672,2082.52880859375,0.00011238000297453254
313,-51.847190856933594,-61.27399444580078,2285.572998046875,0.00013797999417874962
315,-3.722515106201172,-38.00908279418945,-335.87567138671875,1.2909999895782676e-05
316,-10.609816551208496,-44.20850372314453,-336.78021240234375,1.2909999895782676e-05
317,-8.937590599060059,-44.72989273071289,-338.1971740722656,5.1300001359777525e-05
318,-8.940285682678223,-44.72571563720703,-338.2027587890625,7.042999641271308e-05
320,-22.47565460205078,-73.00306701660156,6198.6083984375,1.419000000169035e-05
323,-21.720661163330078,-64.29792785644531,6106.28369140625,0.00017352000577375293
325,35.0648193359375,-5.742750644683838,3353.7099609375,2.5650000679888763e-05
327,-26.961305618286133,-49.032901763916016,-946.204345703125,2.8300000849412754e-05
330,47.52988815307617,17.431556701660156,-339.925537109375,5.8829999034060165e-05
331,47.52733612060547,17.437252044677734,-339.934326171875,3.840000135824084e-05
332,1.4695974588394165,23.506872177124023,3006.685546875,0.0002728500112425536
333,-1.4456887245178223,45.10151672363281,2195.1923828125,7.052999717416242e-05
334,2.485264539718628,45.49130630493164,2193.855712890625,0.00011718000314431265
335,2.886148691177368,45.76146697998047,2193.451416015625,9.354000212624669e-05
337,-28.517122268676758,4.809479713439941,6080.28466796875,8.71700030984357e-05
338,-36.79591369628906,9.999960899353027,6093.60546875,3.4010001400019974e-05
339,-33.542518615722656,7.293824195861816,6094.6728515625,6.802000280003995e-05
340,-33.541481018066406,7.292797565460205,6094.63671875,5.84599983994849e-05
342,60.46310043334961,-3.2601771354675293,2009.571044921875,0.0001882799988379702
343,55.08305358886719,-23.243009567260742,2003.7740478515625,4.7220000851666555e-05
344,40.75489044189453,-23.667505264282227,1986.4910888671875,0.00019784999312832952
345,37.19939041137695,-27.88079833984375,1980.06640625,7.083999662427232e-05
346,36.81755828857422,-28.13849639892578,1980.1982421875,0.0001284099998883903
347,-27.06729507446289,36.34934616088867,3119.645263671875,5.112999861012213e-05
348,-24.295608520507812,37.826786041259766,3118.438232421875,4.591999822878279e-05
350,-34.05519485473633,-80.08390808105469,6089.8662109375,0.0001879699993878603
352,-3.011533260345459,-90.91248321533203,-339.7688903808594,5.8900001022266224e-05
353,-2.7310428619384766,-91.36308288574219,-339.62115478515625,0.00010242999996989965
355,22.61631965637207,-34.275848388671875,3353.7451171875,2.9580000045825727e-05
356,22.6136417388916,-34.28166580200195,3353.736572265625,0.00010242999996989965
358,27.44672203063965,17.58881950378418,6080.80078125,3.4010001400019974e-05
359,17.774795532226562,15.365448951721191,6080.89697265625,6.761000258848071e-05
360,-8.767363548278809,13.851778984069824,6064.22265625,0.00010161999671254307
361,64.9614028930664,-42.337135314941406,-952.9918212890625,0.00015437000547535717
363,-62.76367950439453,-35.94183349609375,3353.336181640625,1.4659999578725547e-05
364,-62.30708694458008,-36.23129653930664,3353.00927734375,3.8559999666176736e-05
367,-64.75341796875,-56.403236389160156,3136.851318359375,0.00012808000610675663
369,51.62459945678711,-10.918052673339844,3112.091064453125,1.2909999895782676e-05
371,48.675594329833984,-10.797723770141602,3115.98828125,4.450000051292591e-05
372,47.27669906616211,-10.346960067749023,3116.525634765625,2.5650000679888763e-05
373,47.28569030761719,-10.350290298461914,3116.52099609375,7.052000000840053e-05
374,-52.965938568115234,26.332075119018555,2503.54638671875,8.119000267470255e-05
375,-52.866127014160156,21.318199157714844,2506.904541015625,7.052999717416242e-05
376,-51.186519622802734,13.45692253112793,2493.4609375,0.00015033000090625137
379,1.8461103439331055,-72.9976577758789,-337.6853332519531,9.657000191509724e-05
380,34.12934112548828,31.21915054321289,6064.83740234375,0.00013481000496540219
382,60.74716567993164,-4.46933126449585,-27.099607467651367,4.4770000386051834e-05
383,19.44093894958496,-88.86004638671875,2427.77197265625,0.00022255000658333302
384,20.289581298828125,-87.84326171875,2427.811279296875,0.00024893999216146767
386,-68.13658905029297,-43.9609375,3337.064453125,0.00012808000610675663
388,-42.79069519042969,-36.2962646484375,3111.106201171875,8.951999916462228e-05
390,19.601043701171875,-89.12532806396484,-941.8017578125,9.737000073073432e-05
391,10.016996383666992,-86.41020202636719,-953.132080078125,0.00012076999701093882
393,43.40343475341797,-81.29058837890625,6063.9912109375,0.0001062500014086254
395,-26.789146423339844,38.347354888916016,3352.584228515625,7.67800011090003e-05
396,-18.64412498474121,-38.572120666503906,2605.2119140625,2.330999996047467e-05
397,44.60565948486328,-50.357845306396484,2576.240966796875,0.0001969500008272007
398,44.51237106323242,-50.3416862487793,2576.234619140625,0.00023489999875891954
399,-70.86357116699219,-21.797012329101562,2259.231689453125,4.523000097833574e-05
400,-69.25048828125,-22.52155876159668,2255.543701171875,0.00032963999547064304
401,50.29176712036133,-1.4666022062301636,2858.454833984375,0.0002700700133573264
402,-50.25138854980469,-7.894118309020996,2158.515869140625,0.0002942100109066814
404,19.405515670776367,41.98369216918945,-339.6159362792969,5.112999861012213e-05
405,19.405197143554688,41.98146438598633,-339.6142578125,4.450000051292591e-05
407,36.25764465332031,-87.32306671142578,-958.7084350585938,2.922999919974245e-05
409,-3.942472219467163,39.6355094909668,3111.0966796875,1.2909999895782676e-05
410,-3.771912097930908,38.82875442504883,3110.718994140625,7.382000330835581e-05
411,20.894559860229492,45.139610290527344,2473.332763671875,1.0959999599435832e-05
412,21.934242248535156,35.479591369628906,2468.111083984375,0.00023411000438500196
413,21.701265335083008,35.93616485595703,2468.019775390625,0.00023381000210065395
415,28.22016716003418,-37.757240295410156,3353.91455078125,8.276000153273344e-05
416,-14.243412971496582,-4.953220844268799,2270.63916015625,0.00017732000560499728
417,34.42149353027344,-26.041278839111328,2253.991943359375,0.00011914000060642138
418,33.15285110473633,-27.159250259399414,2252.85791015625,0.0001297999988310039
419,33.406925201416016,-27.430532455444336,2253.384033203125,0.00044510001316666603
420,34.425079345703125,-26.036455154418945,2254.009033203125,0.00019953999435529113
422,-43.064666748046875,-19.95956039428711,-324.6448669433594,7.694999658269808e-05
424,12.9179048538208,-62.37548828125,-340.4798583984375,0.00010242999996989965
426,31.333627700805664,-72.45606994628906,-339.4200134277344,2.5650000679888763e-05
427,31.34363555908203,-72.45626068115234,-339.4236755371094,3.211999865015969e-05
429,15.713407516479492,27.147253036499023,3351.6943359375,2.5650000679888763e-05
430,15.71057415008545,27.150096893310547,3351.69482421875,8.325999806402251e-05
431,18.76068115234375,33.78103256225586,2379.50390625,2.330999996047467e-05
432,19.76406478881836,38.82041549682617,2380.156005859375,6.913999823154882e-05
433,20.39051628112793,37.87271499633789,2380.091064453125,0.00018767999426927418
434,20.31389617919922,37.69449234008789,2379.81298828125,0.0002589999930933118
436,48.28035354614258,-64.67578125,6067.9609375,0.00018837999959941953
437,-7.850557327270508,35.90125274658203,2291.873046875,4.6630000724690035e-05
438,-7.777469158172607,35.88667678833008,2291.8408203125,0.00010310999641660601
440,66.81351470947266,-24.48157501220703,-950.0835571289062,0.00015396000526379794
442,21.705965042114258,-65.50443267822266,-25.880857467651367,5.419999979494605e-06
443,21.27050018310547,-65.59789276123047,-23.637659072875977,0.00010260000271955505
445,-38.28636169433594,-69.27922821044922,-945.48388671875,1.419000000169035e-05
448,-32.64556884765625,8.937084197998047,3337.981689453125,3.220999860786833e-05
452,-28.63557243347168,22.545982360839844,-338.86920166015625,0.00011516999802552164
454,45.18115997314453,-50.9222526550293,3350.385498046875,2.863000008801464e-05
455,44.49285888671875,-50.583900451660156,3352.033203125,4.450000051292591e-05
456,44.49287796020508,-50.582733154296875,3352.033203125,0.00013509999553207308
457,10.04349136352539,38.61613464355469,2276.84375,0.0004097399942111224
458,9.890254974365234,38.60189437866211,2277.04931640625,0.00021039000421296805
460,59.37025451660156,-20.315204620361328,3111.78125,0.00013323999883141369
462,10.704052925109863,-13.863896369934082,-326.71759033203125,6.803999713156372e-05
463,10.57994270324707,-14.274757385253906,-327.5970458984375,5.1139999413862824e-05
464,36.06388473510742,-39.06868362426758,-1007.5130615234375,5.84599983994849e-05
465,32.538883209228516,-42.97420883178711,-1000.6679077148438,5.450000116979936e-06
466,31.262399673461914,-38.43304443359375,-1002.53076171875,5.3160001698415726e-05
467,30.853994369506836,-36.7658576965332,-1003.063720703125,4.7220000851666555e-05
468,26.329261779785156,-32.10337448120117,-1003.9662475585938,4.338000144343823e-05
469,36.08969497680664,26.93374252319336,2042.13427734375,0.00011775000166380778
470,-2.5545010566711426,-61.78685760498047,2019.218994140625,2.1919999198871665e-05
471,-11.970778465270996,-72.05165100097656,2017.55322265625,9.383999713463709e-05
474,12.448575019836426,-51.02174377441406,-958.1572265625,0.00015437000547535717
477,29.498441696166992,-89.51254272460938,6069.76708984375,0.00013440000475384295
479,56.08287811279297,16.001649856567383,6075.39453125,2.655000025697518e-05
480,67.25505065917969,-5.7616424560546875,6087.57421875,4.3420001020422205e-05
482,61.26639938354492,11.091055870056152,-338.63250732421875,6.404000305337831e-05
484,38.0410270690918,31.63532829284668,3353.743408203125,5.1300001359777525e-05
485,38.01193618774414,31.639177322387695,3353.743408203125,3.839000055450015e-05
487,50.477230072021484,-59.36686706542969,3113.165283203125,2.5069999537663534e-05
490,38.75105667114258,-29.10129737854004,-955.8502807617188,1.419000000169035e-05
491,24.350473403930664,-48.330345153808594,-969.5667114257812,0.00013522000517696142
493,-19.650362014770508,-69.81700897216797,6088.13134765625,5.450000116979936e-06
494,-4.335888862609863,-73.78294372558594,6083.5498046875,8.676000288687646e-05
495,-4.362347602844238,-73.73623657226562,6083.54345703125,0.00011762999929487705
497,46.81449890136719,3.5660645961761475,-946.28662109375,2.922999919974245e-05
498,48.91835403442383,7.25447940826416,-944.4712524414062,0.00015396000526379794
500,-12.872749328613281,9.255450248718262,6072.20947265625,0.00015437000547535717
501,-21.734956741333008,37.400386810302734,1990.4591064453125,0.00011636000272119418
503,65.77959442138672,-36.24584197998047,-340.4595642089844,6.387000030372292e-05
504,-31.070219039916992,-16.91156578063965,2379.442138671875,1.0959999599435832e-05
505,-45.77853012084961,-34.62248611450195,2373.869873046875,7.052999717416242e-05
507,-58.25035858154297,-28.543800354003906,2368.484619140625,0.00012984000204596668
508,-58.305931091308594,-28.568849563598633,2368.595703125,0.0003157900064252317
509,-30.148395538330078,-17.12540054321289,2380.50830078125,0.00036380000528879464
510,-30.155385971069336,-17.126354217529297,2380.50830078125,0.00011854000331368297
512,36.829166412353516,20.25178337097168,-339.1080627441406,9.670999861555174e-05
515,-17.55229377746582,-14.639819145202637,3353.882568359375,0.00010242999996989965
517,52.23598098754883,-3.4963788986206055,-339.6724853515625,2.0999999605919584e-07
520,51.34516906738281,0.9632730484008789,-337.08319091796875,8.951999916462228e-05
523,-35.212764739990234,-46.92083740234375,-334.7250671386719,1.2909999895782676e-05
524,-35.179725646972656,-46.75092697143555,-336.5549011230469,7.711999933235347e-05
526,38.72030258178711,-32.18838119506836,3113.93310546875,0.00010209000174654648
529,54.14789581298828,-69.77400207519531,-340.10565185546875,0.00010340000153519213
531,54.40966796875,-40.642574310302734,-339.51776123046875,0.00010961999942082912
532,6.327657699584961,8.151381492614746,2525.65185546875,6.913999823154882e-05
533,-3.3782618045806885,-27.177457809448242,2478.03759765625,0.00018767999426927418
534,-3.379042387008667,-27.18044090270996,2478.04052734375,8.317999891005456e-05
535,-30.870500564575195,42.86740493774414,2617.0283203125,2.4700000722077675e-05
536,-28.790456771850586,40.64081954956055,2623.29541015625,0.00018721999367699027
538,-28.552980422973633,39.30064392089844,2622.348388671875,0.00021237999317236245
541,8.812068939208984,18.5378475189209,3114.52685546875,8.430999878328294e-05
542,-21.677452087402344,22.39084243774414,2351.9130859375,9.105999924940988e-05
543,-22.915159225463867,22.416507720947266,2364.364990234375,4.661999992094934e-05
544,-30.3680477142334,22.93849754333496,2366.10791015625,4.7220000851666555e-05
545,-30.621145248413086,22.745784759521484,2366.13427734375,0.00019894000433851033
546,-30.924291610717773,23.21828842163086,2365.239990234375,0.00011714999709511176
547,-31.141809463500977,9.48273754119873,2211.865966796875,0.0002121900033671409
548,-38.759727478027344,7.731146335601807,2215.24560546875,4.7220000851666555e-05
549,-38.844886779785156,7.690363883972168,2215.37255859375,0.00016496999887749553
550,-38.86201095581055,7.670793533325195,2215.363037109375,0.00022394000552594662
552,-19.609848022460938,14.196093559265137,3112.40771484375,7.70699989516288e-05
553,-17.549795150756836,10.5287504196167,3110.31787109375,1.2909999895782676e-05
554,-17.053958892822266,13.107495307922363,3110.91943359375,0.00011806000111391768
556,-42.00093460083008,-17.865406036376953,-340.1651611328125,2.0999999605919584e-07
557,-43.237083435058594,-16.632246017456055,-337.7886657714844,1.2829999832320027e-05
558,-43.231285095214844,-16.622840881347656,-337.7813720703125,2.026999936788343e-05
560,31.71321678161621,-64.4842300415039,-25.826467514038086,1.4919999557605479e-05
561,31.7132568359375,-64.48419189453125,-25.826478958129883,4.6090000978438184e-05
562,31.717008590698242,-64.48526000976562,-25.829021453857422,4.4770000386051834e-05
564,0.6764442920684814,-19.87544059753418,6063.72705078125,2.8340000426396728e-05
565,-28.538393020629883,43.74055480957031,2124.716796875,0.0001657599932514131
566,-28.497955322265625,44.320106506347656,2124.434326171875,0.00018628999532666057
569,12.66616153717041,-79.86128234863281,3135.292724609375,7.139999797800556e-05
570,-71.52518463134766,-6.54335880279541,2521.90283203125,1.0959999599435832e-05
571,-71.90801239013672,-6.569635391235352,2521.072021484375,1.0959999599435832e-05
572,-71.41207122802734,-6.968989372253418,2521.46240234375,6.74600014463067e-05
573,-70.63105773925781,-7.465853691101074,2522.5087890625,0.00018906999321188778
575,3.6402294635772705,-36.99916458129883,3353.423828125,5.865999992238358e-05
577,70.24398803710938,-33.36968231201172,3353.001708984375,3.839000055450015e-05
578,70.24217224121094,-33.367530822753906,3353.001220703125,2.5569999706931412e-05
579,70.2415542602539,-33.374752044677734,3352.9990234375,3.3180000173160806e-05
581,7.552405834197998,-53.012298583984375,-937.5253295898438,0.00013985000259708613
582,35.20942687988281,22.670673370361328,2112.909423828125,0.0001708899944787845
583,35.33885192871094,22.2655029296875,2112.873779296875,0.00035434000892564654
584,-55.11621856689453,18.124662399291992,2333.8037109375,1.2350000361038838e-05
585,-45.768577575683594,23.577739715576172,2358.627197265625,3.596000169636682e-05
586,-44.906497955322266,27.48093605041504,2363.36083984375,0.00014105999434832484
587,-45.483497619628906,26.80535888671875,2363.635986328125,9.444000170333311e-05
588,47.1150016784668,8.244820594787598,2242.873779296875,0.0002827199932653457
589,35.60023498535156,25.774621963500977,2247.03857421875,0.0001287500053877011
590,35.60007095336914,25.774415969848633,2247.039306640625,2.1919999198871665e-05
591,35.05306625366211,26.269207000732422,2247.061279296875,0.00021189000108279288
592,-21.37614631652832,41.59151840209961,2070.442138671875,0.00011575999815249816
593,29.288721084594727,41.292030334472656,2179.277099609375,1.2350000361038838e-05
594,28.951704025268555,40.39548873901367,2178.99267578125,0.00021328000002540648
595,28.92674446105957,39.947723388671875,2179.093994140625,0.00029615999665111303
597,7.577401638031006,32.22675704956055,2791.580322265625,0.0001633200008654967
598,7.728286266326904,32.256004333496094,2791.541015625,0.00011932999768760055
600,-42.09107971191406,-30.865339279174805,6066.060546875,1.419000000169035e-05
601,-42.133522033691406,-30.775131225585938,6066.62744140625,0.00013481000496540219
604,68.87187957763672,-25.745515823364258,2126.251708984375,8.148999768309295e-05
605,68.26229858398438,-26.521968841552734,2126.2744140625,4.7220000851666555e-05
606,58.53057861328125,-33.26464080810547,2119.29541015625,9.244999819202349e-05
607,58.527488708496094,-33.2651481628418,2119.29541015625,5.957000030321069e-05
608,58.527191162109375,-33.282135009765625,2119.301025390625,0.00023411000438500196
610,1.7429975271224976,45.299827575683594,-340.43927001953125,6.404000305337831e-05
612,-24.716655731201172,39.18898010253906,-340.2034912109375,2.9770000764983706e-05
616,-57.205101013183594,0.24587102234363556,-338.60443115234375,7.174000347731635e-05
618,60.401527404785156,-5.339126110076904,-26.34422492980957,4.4860000343760476e-05
619,-3.005244255065918,-12.709921836853027,2338.296875,4.7220000851666555e-05
620,-8.847047805786133,-6.488596439361572,2340.692138671875,4.7220000851666555e-05
621,-16.831092834472656,-6.4341654777526855,2348.13671875,0.00013768000644631684
623,-16.92165756225586,-6.623272895812988,2348.279052734375,0.0003395100065972656
625,54.78831481933594,-8.975700378417969,-323.8685302734375,7.694999658269808e-05
626,1.6891945600509644,45.38411331176758,2363.624267578125,7.979999645613134e-05
627,0.9702772498130798,41.167381286621094,2362.242431640625,0.00016715000674594194
628,12.259817123413086,32.83262634277344,2350.158447265625,0.0002941699931398034
629,16.89569664001465,29.41338539123535,2347.299072265625,0.0002503299911040813
630,16.695520401000977,29.410558700561523,2347.39599609375,0.0001910599967231974
632,20.392675399780273,-1.8915151357650757,3354.03271484375,8.951999916462228e-05
635,43.44779586791992,-86.07881164550781,2850.674560546875,1.7559999832883477e-05
637,67.35631561279297,-12.477461814880371,6077.69970703125,3.4010001400019974e-05
638,64.94959259033203,-9.261873245239258,6068.74853515625,0.00013440000475384295
640,20.366865158081055,15.580422401428223,3353.951904296875,2.9580000045825727e-05
641,20.379064559936523,15.586819648742676,3353.9521484375,7.694999658269808e-05
643,-39.838279724121094,-37.62640380859375,-340.5018310546875,0.00012286999844945967
645,-1.6708557605743408,-77.92265319824219,-939.6678466796875,1.419000000169035e-05
646,-2.2681357860565186,-78.12907409667969,-939.8165283203125,2.8300000849412754e-05
647,-5.494615077972412,-74.62184143066406,-939.74560546875,3.4010001400019974e-05
648,6.151345729827881,-68.46195220947266,-952.45703125,0.00013522000517696142
650,-13.324928283691406,-65.04332733154297,3353.398193359375,6.387000030372292e-05
651,-65.40533447265625,-21.42913246154785,2148.451904296875,0.0002242399932583794
652,-56.68277359008789,-28.670690536499023,2146.760009765625,0.00024525998742319643
653,-56.65694808959961,-28.70125389099121,2146.634765625,0.000222250004298985
655,36.13429641723633,-40.48310852050781,2793.85009765625,0.00020989999757148325
659,-21.10037612915039,-47.30651092529297,-338.3845520019531,0.00014869000006001443
660,-4.938098430633545,41.20389175415039,1987.63818359375,8.287999662570655e-05
661,-3.2392187118530273,37.96344757080078,1984.8492431640625,4.383999839774333e-05
662,-50.494041442871094,-31.932878494262695,1944.9530029296875,0.00011580000136746094
663,-50.56057357788086,-31.974214553833008,1944.947998046875,0.000256030005402863
664,55.442604064941406,15.059467315673828,2039.5545654296875,2.3610000425833277e-05
667,-2.372213125228882,-74.54845428466797,-968.7205810546875,1.419000000169035e-05
668,-5.905665874481201,-69.76184844970703,-967.595703125,3.4010001400019974e-05
669,-6.440005302429199,-70.24528503417969,-968.202880859375,5.450000116979936e-06
670,-14.426249504089355,-82.87483215332031,-979.8673706054688,0.0002223899937234819
671,-46.19686508178711,-48.858036041259766,5770.50732421875,3.45799999195151e-05
672,31.603609085083008,38.42536163330078,2376.317138671875,7.052999717416242e-05
673,44.2281494140625,-2.4485557079315186,2359.970703125,9.383999713463709e-05
674,44.20473098754883,-2.4967260360717773,2359.997314453125,0.00029198999982327223
676,-39.52059555053711,-53.020137786865234,3352.387939453125,5.9160000091651455e-05
677,-54.637107849121094,24.31715202331543,2359.232421875,0.00017732000560499728
678,-54.91389846801758,24.566701889038086,2359.19775390625,0.00011575999815249816
679,-21.205896377563477,22.145666122436523,2208.005126953125,2.4700000722077675e-05
680,-20.61783790588379,20.442590713500977,2200.36181640625,8.317999891005456e-05
681,-20.340961456298828,20.431930541992188,2200.44677734375,8.227999933296815e-05
682,-12.850500106811523,19.580059051513672,2193.73583984375,0.00014135999663267285
684,-32.45561218261719,-32.798057556152344,-339.1698913574219,4.813999839825556e-05
685,-34.523738861083984,-34.74946594238281,-337.1571044921875,1.2909999895782676e-05
686,-33.59932327270508,-35.39200210571289,-337.9112548828125,7.639000250492245e-05
688,29.546363830566406,-27.35927391052246,-340.47198486328125,0.00010294000094290823
689,-21.233932495117188,22.562713623046875,5778.63720703125,2.2959999114391394e-05
690,-29.989295959472656,20.78628158569336,-863.783447265625,4.619999890564941e-05
691,32.31945037841797,-80.26763916015625,6097.083984375,8.71700030984357e-05
692,40.53494644165039,-81.87301635742188,6084.40380859375,1.419000000169035e-05
693,40.543792724609375,-81.81147003173828,6084.3701171875,0.00015437000547535717
694,-28.740266799926758,42.51961898803711,3044.65771484375,0.00015171999984886497
697,38.016334533691406,-67.10442352294922,1885.591552734375,0.00030404000426642597
698,37.033538818359375,-74.8399658203125,1882.04052734375,1.2350000361038838e-05
699,29.14849281311035,-73.08749389648438,1872.45458984375,0.0001885800011223182
700,29.08765411376953,-72.89861297607422,1872.290283203125,0.00011436999920988455
701,-60.27375793457031,-24.526517868041992,2399.650634765625,2.3610000425833277e-05
702,-56.343177795410156,-24.35083770751953,2397.2412109375,9.444000170333311e-05
703,-56.272361755371094,-24.228086471557617,2397.03662109375,0.00030126000638119876
705,16.425933837890625,33.301509857177734,-340.50250244140625,3.8559999666176736e-05
706,16.425519943237305,33.30217361450195,-340.5017395019531,5.112999861012213e-05
707,-18.082500457763672,30.31849479675293,2482.3974609375,4.661999992094934e-05
708,34.48518753051758,-63.10859680175781,2538.384033203125,0.0001629799953661859
709,35.34022903442383,-36.54115295410156,2543.35400390625,0.00031669001327827573
710,33.914337158203125,-36.3310546875,2543.213134765625,9.383999713463709e-05
711,35.344547271728516,-36.72844314575195,2543.516845703125,0.00011406999692553654
713,0.49052026867866516,8.664331436157227,3133.697021484375,0.00010276999819325283
716,24.626361846923828,-22.039958953857422,-337.21038818359375,7.711999933235347e-05
719,21.743249893188477,-73.50984954833984,-339.3779296875,0.00010260000271955505
720,-40.97340774536133,-40.808631896972656,2830.807861328125,0.00020033000328112394
721,49.6334342956543,-23.120590209960938,-395.5538024902344,2.8340000426396728e-05
722,-43.255699157714844,22.73190689086914,2018.5418701171875,0.00014135999663267285
723,-43.37766647338867,22.848220825195312,2018.42333984375,2.3610000425833277e-05
724,-14.332335472106934,47.139339447021484,2273.2958984375,1.0959999599435832e-05
725,-13.632689476013184,46.5594482421875,2272.921875,0.00017702000332064927
726,-13.709808349609375,46.82966613769531,2272.79541015625,0.00015449999773409218
727,-13.625203132629395,46.17316818237305,2274.77294921875,0.00011804999667219818
729,57.705352783203125,-59.524696350097656,-326.9111022949219,8.969000191427767e-05
732,-33.221622467041016,-22.570575714111328,-941.6902465820312,6.761000258848071e-05
734,-33.418701171875,38.5641975402832,2227.52197265625,0.0001955600018845871
735,-33.40953826904297,38.58604049682617,2227.56396484375,0.0002520499983802438
736,-14.801835060119629,37.673553466796875,2249.6103515625,9.444000170333311e-05
737,-41.2712516784668,-28.175708770751953,2236.652587890625,1.0959999599435832e-05
738,-36.81812286376953,-34.85124969482422,2239.815185546875,0.0002930799964815378
739,6.29585075378418,32.61934280395508,2192.14990234375,0.00021052999363746494
740,6.544310569763184,32.13379669189453,2191.980224609375,0.00013907000538893044
742,-54.3455810546875,22.77264976501465,-338.7540283203125,2.863000008801464e-05
744,-55.43758010864258,23.157785415649414,-337.7279052734375,6.42099985270761e-05
745,-55.43445587158203,23.15850067138672,-337.7325134277344,5.865999992238358e-05
747,-2.740448236465454,25.321542739868164,-24.321996688842773,5.1229999371571466e-05
748,-3.756650686264038,25.9713077545166,-22.20547866821289,0.00010242999996989965
750,-56.1970100402832,-61.36526107788086,6074.02685546875,2.922999919974245e-05
751,-56.125999450683594,-61.606868743896484,6072.93896484375,6.802000280003995e-05
752,-56.539085388183594,-60.455963134765625,6074.38330078125,3.4010001400019974e-05
753,-60.15256118774414,-66.1686019897461,6077.5361328125,0.00010080000356538221
755,6.735716342926025,-37.0027961730957,3135.476318359375,7.139999797800556e-05
757,68.88536071777344,-15.786931037902832,-336.35882568359375,8.969000191427767e-05
759,6.676723957061768,14.56130313873291,2182.765625,0.00011516000085975975
760,5.6948561668396,14.5822172164917,2182.694091796875,0.00017424000543542206
762,11.601471900939941,4.638918399810791,-334.78826904296875,2.0179999410174787e-05
763,13.72756576538086,3.8871009349823,-333.62774658203125,0.00013297999976202846
765,55.23014450073242,-33.31863021850586,6071.0693359375,1.419000000169035e-05
766,18.84804344177246,-46.63591766357422,6068.2822265625,1.419000000169035e-05
768,32.722816467285156,-70.06441497802734,6081.6123046875,6.761000258848071e-05
769,32.719390869140625,-70.05713653564453,6081.60791015625,5.84599983994849e-05
771,-9.059027671813965,-58.46990966796875,-954.6661376953125,3.4010001400019974e-05
772,-0.8990116715431213,-55.43571090698242,-941.5697631835938,6.720000237692147e-05
773,-0.8935750722885132,-55.44239044189453,-941.5670166015625,6.761000258848071e-05
775,-25.178518295288086,13.431177139282227,-339.85357666015625,0.00011806000111391768
777,24.428531646728516,-78.8302001953125,-340.09088134765625,8.969000191427767e-05
779,-11.94002628326416,-75.05155944824219,-942.4535522460938,5.450000116979936e-06
780,-11.814953804016113,-74.52864837646484,-943.75390625,0.00013522000517696142
781,51.964786529541016,24.910924911499023,2353.597412109375,0.00010540000221226364
782,51.92081069946289,24.70924949645996,2353.55224609375,0.00015033000090625137
783,51.87740707397461,24.683652877807617,2353.5634765625,0.00030494001111947
785,-38.618736267089844,27.816911697387695,3113.48095703125,5.590000000665896e-06
786,-39.81560516357422,27.122663497924805,3114.481689453125,5.1300001359777525e-05
787,-43.2148551940918,24.737743377685547,2216.15380859375,7.052999717416242e-05
788,-32.24439239501953,-15.73952579498291,2113.89453125,4.7220000851666555e-05
789,-33.11268997192383,-15.093791961669922,2107.3076171875,9.444000170333311e-05
790,-33.32862091064453,-15.404397964477539,2107.668701171875,0.0002006699942285195
791,-32.224822998046875,-16.68472671508789,2107.81591796875,0.0002464599965605885
792,28.703125,39.83326721191406,2218.545654296875,0.00011714999709511176
793,34.88032150268555,33.138824462890625,2218.66015625,2.1919999198871665e-05
797,43.97449493408203,-27.06328010559082,3115.139892578125,5.1229999371571466e-05
798,-31.96431541442871,35.664180755615234,2195.521728515625,0.00020732000120915473
799,11.305097579956055,48.45119094848633,2092.058837890625,0.0001407999952789396
800,11.778331756591797,48.54499435424805,2092.412353515625,8.178999996744096e-05
802,37.31624221801758,-30.066898345947266,6084.06396484375,0.00010080000356538221
804,50.27724075317383,-9.921089172363281,-338.0863037109375,0.00010260000271955505
805,39.766170501708984,6.407924652099609,2094.59814453125,1.0959999599435832e-05
806,18.59384536743164,-7.7897443771362305,2113.896240234375,4.7220000851666555e-05
807,18.593246459960938,-7.791023254394531,2113.895751953125,9.105999924940988e-05
808,18.61100196838379,-7.68259334564209,2113.978759765625,0.00023520000104326755
810,-25.424577713012695,-28.685773849487305,-940.1581420898438,1.419000000169035e-05
811,-23.780418395996094,-25.920886993408203,-938.07568359375,0.00013481000496540219
812,-66.6692886352539,-2.8690671920776367,-939.6991577148438,6.802000280003995e-05
813,-66.6193618774414,-2.89994215965271,-939.6844482421875,1.419000000169035e-05
815,-1.3987417221069336,17.82361602783203,2534.377197265625,6.992999988142401e-05
816,-8.265095710754395,23.887964248657227,2542.904541015625,2.1919999198871665e-05
817,-7.682882785797119,33.92299270629883,2539.795166015625,0.00011302000348223373
818,-7.595607280731201,33.890647888183594,2539.870361328125,0.0001601999974809587
821,26.39326286315918,-82.2647705078125,3352.15966796875,5.1229999371571466e-05
822,25.27053451538086,42.60145950317383,2152.658447265625,0.00017702000332064927
824,65.80438232421875,6.695158004760742,-336.964111328125,2.5650000679888763e-05
825,65.8124771118164,6.6924262046813965,-336.9646911621094,2.9580000045825727e-05
827,-5.253811836242676,36.0432243347168,2585.261474609375,3.456999911577441e-05
829,-61.276947021484375,-26.25676155090332,-340.1407775878906,7.729000208200887e-05
831,67.26580047607422,-8.719865798950195,3110.58740234375,3.840000135824084e-05
832,67.2051010131836,-8.750734329223633,3110.5107421875,8.874000195646659e-05
834,-30.447341918945312,20.27190399169922,2793.139404296875,0.00023073000193107873
835,-15.159297943115234,33.820350646972656,2139.38427734375,4.7220000851666555e-05
836,-15.092828750610352,34.409725189208984,2139.295654296875,0.00018658999761100858
837,-15.1266508102417,34.391517639160156,2139.203857421875,0.00016466999659314752
839,9.494190216064453,40.12215805053711,6097.72216796875,1.419000000169035e-05
842,15.931363105773926,-43.065635681152344,-948.8935546875,3.360000118846074e-05
843,15.927508354187012,-43.06816101074219,-948.8904418945312,6.720000237692147e-05
844,59.22137451171875,-21.015098571777344,2530.348876953125,0.00022563000675290823
845,59.31278991699219,-20.927295684814453,2530.36767578125,4.6919998567318544e-05
847,-31.394807815551758,-78.71353912353516,-340.47149658203125,3.840000135824084e-05
848,-31.379297256469727,-78.55461883544922,-340.5610656738281,3.8559999666176736e-05
849,-31.38289451599121,-78.55339813232422,-340.5675048828125,2.5659999664640054e-05
852,-67.1787109375,-48.15980911254883,-340.3831481933594,7.729000208200887e-05
855,63.57836151123047,-42.33233642578125,3353.876708984375,8.414000330958515e-05
856,-63.40999221801758,12.59394645690918,2579.988037109375,0.000221950002014637
858,-61.3682746887207,10.117789268493652,2592.078125,0.0001311899977736175
859,-58.2545280456543,11.026774406433105,2595.42041015625,6.71500019961968e-05
860,-36.968177795410156,-0.8787651658058167,2601.246337890625,8.009999874047935e-05
861,-33.3326416015625,5.030653476715088,2596.71826171875,0.00017303999629803002
862,-58.25114822387695,11.055428504943848,2595.4150390625,0.00010509999992791563
864,-69.19584655761719,-23.896608352661133,6065.7001953125,1.7559999832883477e-05
865,5.113800048828125,-2.3180158138275146,2227.342529296875,2.3610000425833277e-05
866,1.432277798652649,-7.036573886871338,2225.8271484375,0.0001650100020924583
867,2.0508768558502197,-6.862397193908691,2226.448974609375,0.0002540400018915534
869,-43.45789337158203,-59.44351577758789,-939.9634399414062,8.990000424091704e-06
870,-39.0026969909668,-50.880577087402344,-947.4512329101562,2.922999919974245e-05
871,-38.50082015991211,-52.91104507446289,-949.5466918945312,0.00013481000496540219
872,16.978071212768555,-44.03215026855469,2357.140869140625,0.00013827999646309763
873,13.546782493591309,-52.078426361083984,2351.3525390625,0.00017533000209368765
874,13.772933006286621,-51.97829055786133,2351.3994140625,0.00040066000656224787
876,64.28330993652344,-63.25238037109375,3352.730712890625,5.1470000471454114e-05
877,64.28585815429688,-63.252708435058594,3352.730712890625,2.026999936788343e-05
879,24.74582290649414,-22.096099853515625,2793.76025390625,0.00017424000543542206
880,24.612638473510742,-22.313682556152344,2793.559326171875,9.244999819202349e-05
882,-39.93135452270508,23.52002716064453,-340.15911865234375,5.590000000665896e-06
883,-40.530696868896484,23.54937744140625,-339.848876953125,5.759999839938246e-05
885,60.30952453613281,-6.555415153503418,6121.23095703125,6.761000258848071e-05
886,50.13750457763672,-7.96036958694458,6113.33447265625,0.00013481000496540219
888,41.59539031982422,25.7217960357666,-337.7460021972656,2.5650000679888763e-05
889,41.59534454345703,25.72144317626953,-337.74591064453125,5.759999839938246e-05
891,-68.87972259521484,-33.845401763916016,3351.715087890625,7.02499964972958e-05
892,-7.0758490562438965,14.597668647766113,2063.657958984375,4.523000097833574e-05
893,9.013927459716797,-17.124597549438477,2053.636474609375,0.00011516000085975975
894,58.763668060302734,-29.64954376220703,2038.3466796875,1.2350000361038838e-05
895,61.65599060058594,-27.14372444152832,2033.2811279296875,9.105999924940988e-05
896,57.27275848388672,-27.492841720581055,2037.0478515625,0.00010682999709388241
897,57.19194412231445,-27.510417938232422,2037.0826416015625,0.00021019999985583127
900,-60.952980041503906,-33.42844009399414,3351.03466796875,2.5650000679888763e-05
901,-60.95871353149414,-33.42086410522461,3351.043212890625,5.786999827250838e-05
902,1.8062628507614136,21.733976364135742,2819.9072265625,0.0005765900132246315
903,-44.8254508972168,31.31255340576172,6078.1865234375,5.3160001698415726e-05
904,-35.87403106689453,38.84300231933594,6077.0888671875,0.00013481000496540219
907,-32.7170295715332,-12.144521713256836,2165.089111328125,0.0001868899998953566
908,-32.61763381958008,-12.175548553466797,2165.06005859375,0.00013966999540571123
911,39.32522964477539,-8.715850830078125,-339.61993408203125,6.405999738490209e-05
913,9.510931968688965,-58.45992660522461,-328.57879638671875,7.529999948019395e-06
914,9.435726165771484,-58.54446029663086,-328.1614990234375,7.139999797800556e-05
916,14.41147232055664,-7.808065891265869,3353.67431640625,5.8900001022266224e-05
918,5.355569362640381,-60.93509292602539,6080.037109375,3.6419998650671914e-05
919,5.040871620178223,-60.26216506958008,6080.42138671875,1.419000000169035e-05
920,2.986633777618408,-58.46986389160156,6080.40869140625,2.922999919974245e-05
922,-28.854509353637695,10.792922019958496,2287.553955078125,4.383999839774333e-05
923,-30.082231521606445,9.417682647705078,2287.327392578125,0.00018350999744143337
924,-25.86652946472168,21.4932804107666,2273.364501953125,0.00014894000196363777
925,-24.942138671875,21.242923736572266,2274.370361328125,0.00012871000217273831
926,-25.55978775024414,21.59774398803711,2273.5263671875,0.0001893699954962358
927,-3.967378854751587,29.741798400878906,2252.2919921875,0.0001284099998883903
928,-3.9018774032592773,29.98733901977539,2252.5693359375,9.444000170333311e-05
930,-15.300858497619629,-21.0406494140625,-941.1826171875,3.6419998650671914e-05
931,-18.812467575073242,-17.898632049560547,-939.7118530273438,0.0002075299998978153
932,-64.13874816894531,-38.02594757080078,-403.2737121582031,1.419000000169035e-05
935,-10.845985412597656,-53.42961883544922,-337.79656982421875,3.2029998692451045e-05
936,-10.463183403015137,-59.03960037231445,-336.7502746582031,7.67800011090003e-05
938,55.242393493652344,-43.4977912902832,3352.48193359375,5.1300001359777525e-05
939,55.24101638793945,-43.50337600708008,3352.486328125,1.2829999832320027e-05
940,31.443767547607422,42.008548736572266,2223.488037109375,7.052999717416242e-05
